header: 
  seq: 517
  stamp: 
    secs: 35
    nsecs: 180000000
  frame_id: "lidar_link"
angle_min: -1.5707999467849731
angle_max: 1.5707999467849731
angle_increment: 0.004369401838630438
time_increment: 0.0
scan_time: 0.0
range_min: 0.11999999731779099
range_max: 8.0
ranges: [2.457700490951538, 2.452516555786133, 2.4369001388549805, 2.457820415496826, 2.4461944103240967, 2.451272487640381, 2.4466259479522705, 2.4420759677886963, 2.445256233215332, 2.444420337677002, 2.454868793487549, 2.4448540210723877, 2.451136827468872, 2.4558188915252686, 2.450556516647339, 2.4530422687530518, 2.4492220878601074, 2.447070360183716, 0.1378835290670395, 2.4629955291748047, 2.4506642818450928, 0.14472608268260956, 0.14347979426383972, 2.464276075363159, 2.4593632221221924, 2.465947151184082, 2.467163324356079, 2.4689507484436035, 2.4688560962677, 0.13750596344470978, 2.4646430015563965, 0.13890781998634338, 2.4689078330993652, 2.4684436321258545, 2.478344440460205, 2.472562313079834, 2.4836437702178955, 2.484720230102539, 2.49204683303833, 0.1409892439842224, 2.4886581897735596, 2.489211082458496, 2.5005173683166504, 2.4839255809783936, 2.4966893196105957, 0.13456033170223236, 2.4940903186798096, 2.5016045570373535, 2.5064146518707275, 2.5047390460968018, 2.505307197570801, 2.515734910964966, 2.5083389282226562, 2.5195987224578857, 2.5160648822784424, 2.5200774669647217, 2.5245726108551025, 2.5166382789611816, 2.530284881591797, 2.5379631519317627, 2.5261754989624023, 2.535661458969116, 2.534348249435425, 2.5440688133239746, 2.549727201461792, 2.5401268005371094, 2.5589005947113037, 2.5518722534179688, 0.1493345946073532, 2.5674757957458496, 2.5607750415802, 2.5713484287261963, 2.5760610103607178, 2.572805404663086, 2.585341691970825, 2.5790045261383057, 2.5875823497772217, 2.5877575874328613, 2.6037516593933105, 2.5979998111724854, 2.603389024734497, 2.606050968170166, 2.6108970642089844, 2.612997055053711, 2.626248836517334, 2.6330769062042236, 2.627962589263916, 2.6407318115234375, 2.6397156715393066, 2.6406896114349365, 2.64787220954895, 2.655222177505493, 2.6553590297698975, 2.6568009853363037, 2.6760175228118896, 2.6811563968658447, 2.6803390979766846, 2.685821771621704, 2.685228109359741, 2.693666696548462, 2.6990387439727783, 2.6997694969177246, 2.705868721008301, 2.710364818572998, 2.727661371231079, 2.7279715538024902, 2.7358551025390625, 2.7469255924224854, 2.740135669708252, 2.749505043029785, 2.7523088455200195, 2.7557930946350098, 2.772933006286621, 2.7916531562805176, 2.784733533859253, 2.7961103916168213, 2.801391839981079, 2.8010432720184326, 2.8029489517211914, 2.8196866512298584, 2.8348281383514404, 2.826489210128784, 2.839616060256958, 2.850820302963257, 2.849127769470215, 2.8732001781463623, 2.8742597103118896, 2.8861536979675293, 2.8816521167755127, 2.901242971420288, 2.9019994735717773, 2.9035072326660156, 2.921004056930542, 2.9197120666503906, 2.937946319580078, 2.9455246925354004, 2.9428632259368896, 2.9612386226654053, 2.968501329421997, 2.9550819396972656, 2.938964366912842, 2.919081449508667, 2.9105474948883057, 2.8835394382476807, 2.8669419288635254, 2.8482046127319336, 2.8207521438598633, 2.8092191219329834, 2.802151679992676, 2.780712842941284, 2.7601568698883057, 2.7616078853607178, 2.737044095993042, 2.719848155975342, 2.7117812633514404, 2.6896157264709473, 2.6745433807373047, 2.6542153358459473, 2.645254373550415, 2.6356561183929443, 2.6196062564849854, 2.598769426345825, 2.5923683643341064, 2.5779879093170166, 2.550086259841919, 2.5562124252319336, 2.5390703678131104, 2.5383431911468506, 2.5235238075256348, 2.505714178085327, 2.4846150875091553, 2.4830257892608643, 2.467298984527588, 2.45324444770813, 2.4513885974884033, 2.4366631507873535, 2.4378163814544678, 2.4222795963287354, 2.4068996906280518, 2.3951473236083984, 2.3846192359924316, 2.370728015899658, 2.3604700565338135, 2.349898099899292, 2.344897747039795, 2.3327651023864746, 2.319443702697754, 2.3035266399383545, 2.30545973777771, 2.2893755435943604, 2.2872049808502197, 2.2761361598968506, 2.2711422443389893, 2.2541871070861816, 2.2506701946258545, 2.241103410720825, 2.2343244552612305, 2.2300660610198975, 2.2220163345336914, 2.219666004180908, 2.1956894397735596, 2.1849005222320557, 2.18618106842041, 2.1721386909484863, 2.1692421436309814, 2.1540215015411377, 2.1530826091766357, 2.1475276947021484, 2.1291604042053223, 2.121800422668457, 2.1351656913757324, 2.122899293899536, 2.10831618309021, 2.1014156341552734, 2.0930724143981934, 2.094090700149536, 2.082218885421753, 2.0838165283203125, 2.0669586658477783, 2.0686373710632324, 2.055589199066162, 2.0543487071990967, 2.0489120483398438, 2.0363352298736572, 2.030949592590332, 2.022454261779785, 2.0265679359436035, 2.014312744140625, 2.00645112991333, 1.9957361221313477, 1.9980134963989258, 1.988085389137268, 1.9862639904022217, 1.9947324991226196, 1.9750194549560547, 1.965538740158081, 1.964843511581421, 1.9641963243484497, 1.9520736932754517, 1.9530965089797974, 1.9490057229995728, 1.9370510578155518, 1.943220615386963, 1.931339979171753, 1.9236584901809692, 1.9328728914260864, 1.9165118932724, 1.910173773765564, 1.9037011861801147, 1.8974331617355347, 1.9044175148010254, 1.8901503086090088, 1.8904112577438354, 1.8871142864227295, 1.8879873752593994, 1.8795989751815796, 1.8722823858261108, 1.8771979808807373, 1.8656679391860962, 1.8596458435058594, 1.8565953969955444, 1.8514606952667236, 1.858941674232483, 1.849863886833191, 1.8396025896072388, 1.8419196605682373, 1.834570050239563, 1.8317251205444336, 1.8273823261260986, 1.8322850465774536, 1.8240071535110474, 1.8112690448760986, 1.8144209384918213, 1.8100615739822388, 1.8093762397766113, 1.8080368041992188, 1.8037701845169067, 1.7970136404037476, 1.784224510192871, 1.7906832695007324, 1.7747668027877808, 1.7703213691711426, 1.759157657623291, 1.7548836469650269, 1.7534422874450684, 1.740200161933899, 1.7302136421203613, 1.7304203510284424, 1.740023136138916, 1.7587159872055054, 1.7605209350585938, 1.7743831872940063, 1.7544926404953003, 1.7539119720458984, 1.750605821609497, 1.7469358444213867, 1.7543509006500244, 1.752553939819336, 1.749239444732666, 1.7472329139709473, 1.7455193996429443, 1.7496062517166138, 1.7409405708312988, 1.7365705966949463, 1.7404166460037231, 1.7324048280715942, 1.7411682605743408, 1.725327491760254, 1.7349963188171387, 1.7311334609985352, 1.7241764068603516, 1.7238813638687134, 1.7178598642349243, 1.2020769119262695, 1.191481590270996, 1.1930721998214722, 1.1952723264694214, 1.1884212493896484, 1.20125150680542, 1.1904997825622559, 1.194240689277649, 1.1828219890594482, 1.1848334074020386, 1.1907885074615479, 1.1872998476028442, 1.183359980583191, 1.1814957857131958, 1.1978199481964111, 1.1915771961212158, 1.191094994544983, 1.187729001045227, 1.183225393295288, 1.1801718473434448, 1.1818253993988037, 1.1822086572647095, 1.1845759153366089, 1.1856966018676758, 1.1732207536697388, 1.1780459880828857, 1.176107406616211, 1.1783149242401123, 1.1743552684783936, 1.168218731880188, 1.1782252788543701, 1.1767390966415405, 1.179366111755371, 1.1711974143981934, 1.184314489364624, 1.1817961931228638, 1.1677172183990479, 1.1831914186477661, 1.1770193576812744, 1.1814227104187012, 1.1732686758041382, 1.1815110445022583, 1.1749975681304932, 1.17540442943573, 1.1829694509506226, 1.178678274154663, 1.1718292236328125, 1.1750636100769043, 1.1823996305465698, 1.1709239482879639, 1.1715096235275269, 1.1744108200073242, 1.172149658203125, 1.1702309846878052, 1.1727923154830933, 1.1758482456207275, 1.1837893724441528, 1.1709386110305786, 1.1637986898422241, 1.1680734157562256, 1.1780531406402588, 1.1780285835266113, 1.1806399822235107, 1.1658016443252563, 1.171645998954773, 1.167413592338562, 1.1763139963150024, 1.1828757524490356, 1.1809059381484985, 1.1812541484832764, 1.1753631830215454, 1.184645652770996, 1.1800352334976196, 1.1773114204406738, 1.1806610822677612, 1.1813639402389526, 1.18464994430542, 1.176828145980835, 1.1718049049377441, 1.1868879795074463, 1.18759286403656, 1.19118332862854, 1.1923433542251587, 1.1858776807785034, 1.1908223628997803, 1.194661259651184, 1.191346287727356, 1.1954196691513062, 1.1960119009017944, 1.1955373287200928, 1.1963717937469482, 1.200307846069336, 1.197920799255371, 1.1939715147018433, 1.198693871498108, 1.1971267461776733, 1.7315490245819092, 1.7217152118682861, 1.726679801940918, 1.725579857826233, 1.7367507219314575, 1.7344787120819092, 1.7447344064712524, 1.7430392503738403, 1.7480555772781372, 1.7414236068725586, 1.7493830919265747, 1.741511344909668, 1.7524787187576294, 1.750106930732727, 1.7556095123291016, 1.7518502473831177, 1.767693281173706, 1.768874168395996, 1.7624971866607666, 1.7706327438354492, 1.7633427381515503, 1.7618353366851807, 1.7767833471298218, 1.7645407915115356, 1.7729413509368896, 1.7854149341583252, 1.786733865737915, 1.7812867164611816, 1.7925519943237305, 1.7867685556411743, 1.7952682971954346, 1.8007535934448242, 1.7984238862991333, 1.8015856742858887, 1.8142505884170532, 1.8056540489196777, 1.8066331148147583, 1.820764183998108, 1.8169314861297607, 1.8180192708969116, 1.8209338188171387, 1.8251792192459106, 1.830348014831543, 1.829967975616455, 1.8242506980895996, 1.847320318222046, 1.8482811450958252, 1.8413665294647217, 1.8498103618621826, 1.8495662212371826, 1.861071228981018, 1.8660862445831299, 1.8618478775024414, 1.8658502101898193, 1.8736016750335693, 1.8882895708084106, 1.884995937347412, 1.8902153968811035, 1.8934012651443481, 1.8957492113113403, 1.8997914791107178, 1.9094078540802002, 1.9058400392532349, 1.9067398309707642, 1.9102364778518677, 1.932172417640686, 1.924259901046753, 1.9334630966186523, 1.9307217597961426, 1.9393190145492554, 1.9356399774551392, 1.945908784866333, 1.9508894681930542, 1.9486724138259888, 1.968840479850769, 1.9673447608947754, 1.9768247604370117, 1.9853415489196777, 1.982772946357727, 1.9906752109527588, 2.001594305038452, 1.9964275360107422, 1.998023271560669, 2.0160470008850098, 2.021285057067871, 2.028719186782837, 2.029432773590088, 2.0383522510528564, 2.045410633087158, 2.05336332321167, 2.0557379722595215, 2.0716845989227295, 2.072174549102783, 2.0824134349823, 2.079608201980591, 2.093304395675659, 2.0957815647125244, 2.098374605178833, 2.1131694316864014, 2.119619131088257, 2.1265625953674316, 2.13188099861145, 2.1383614540100098, 2.144035816192627, 1.2878531217575073, 1.2547410726547241, 1.249945878982544, 1.234032392501831, 1.221662163734436, 1.2202630043029785, 1.2091625928878784, 1.2011512517929077, 1.1823813915252686, 1.191750407218933, 1.1853969097137451, 1.1839960813522339, 1.1788312196731567, 1.1632329225540161, 1.1690435409545898, 1.1655628681182861, 1.1595711708068848, 1.1583524942398071, 1.1535260677337646, 1.138909101486206, 1.1461070775985718, 1.1388908624649048, 1.145199179649353, 1.1393707990646362, 1.134039282798767, 1.1425156593322754, 1.1271023750305176, 1.1390658617019653, 1.1378504037857056, 1.1397920846939087, 1.1381300687789917, 1.135398268699646, 1.1355934143066406, 1.1375558376312256, 1.1367510557174683, 1.1295528411865234, 1.1233359575271606, 1.1297258138656616, 1.1308965682983398, 1.1340609788894653, 1.1417750120162964, 1.1446444988250732, 1.1328747272491455, 1.1463909149169922, 1.1504932641983032, 1.1485894918441772, 1.1520192623138428, 1.1559618711471558, 1.1615533828735352, 1.1601214408874512, 1.1594618558883667, 1.1596157550811768, 1.1704847812652588, 1.1777443885803223, 1.1746940612792969, 1.1760475635528564, 1.1942081451416016, 1.1974965333938599, 1.1999635696411133, 1.2047629356384277, 1.2168769836425781, 1.2354686260223389, 1.2495741844177246, 1.2546725273132324, 2.899202346801758, 2.9201884269714355, 2.9361202716827393, 2.960123062133789, 2.97674822807312, 2.975008726119995, 2.9601593017578125, 2.9461638927459717, 2.941450357437134, 2.9411780834198, 2.9234421253204346, 2.9145989418029785, 2.91549015045166, 2.8995912075042725, 2.88564395904541, 2.8882503509521484, 2.8760414123535156, 2.8766283988952637, 2.861011505126953, 2.8648223876953125, 2.852372169494629, 2.84147047996521, 2.8360631465911865, 2.811652660369873, 2.82351016998291, 2.811366319656372, 2.8061232566833496, 2.8028156757354736, 2.790221929550171, 2.7892401218414307, 2.784453868865967, 2.7705564498901367, 2.7626166343688965, 2.7725884914398193, 2.755901336669922, 2.746570110321045, 2.73441219329834, 2.7281012535095215, 2.7253942489624023, 2.734311580657959, 2.7237002849578857, 2.7126917839050293, 2.7134926319122314, 2.698366165161133, 2.689549207687378, 2.693233013153076, 2.68768310546875, 2.6796951293945312, 2.6724886894226074, 2.6779849529266357, 2.6606178283691406, 2.6550564765930176, 2.655078172683716, 2.6517789363861084, 2.6481833457946777, 2.644852638244629, 2.6381280422210693, 2.6423280239105225, 2.6234371662139893, 2.6174228191375732, 2.620959997177124, 2.616804599761963, 2.617138385772705, 2.604172945022583, 2.6001803874969482, 2.599565029144287, 2.593461513519287, 2.60079288482666, 2.583078145980835, 2.5804028511047363, 2.5899014472961426, 2.5803234577178955, 2.577608823776245, 2.565382957458496, 2.561065912246704, 2.5591368675231934, 2.5636398792266846, 2.5510969161987305, 2.550523281097412, 2.536849021911621, 2.541990041732788, 2.5456676483154297, 2.5406064987182617, 2.5416715145111084, 2.528981924057007, 2.5286951065063477, 2.517777442932129, 2.524616003036499, 2.5245485305786133, 2.5277762413024902, 2.5166945457458496, 2.5150279998779297, 2.5095839500427246, 2.5051279067993164, 2.516021251678467, 2.504406690597534, 2.505626916885376, 2.4906091690063477, 0.14438863098621368, 2.4915435314178467, 0.14062513411045074, 2.4929943084716797, 2.485349416732788, 2.485852003097534, 0.1470923274755478, 2.4870834350585938, 2.4782376289367676, 2.4798924922943115, 2.479780435562134, 2.479842185974121, 2.4699645042419434, 2.4723966121673584, 0.12538695335388184, 2.468672275543213, 0.1380491852760315, 2.464233875274658, 0.14429470896720886, 2.476428270339966, 2.472093105316162, 2.464676856994629, 2.4559202194213867, 2.4623775482177734, 2.4582133293151855, 0.1439719796180725, 2.4542253017425537, 2.4555487632751465, 0.14744903147220612, 2.4666788578033447, 2.4671194553375244, 2.4574592113494873, 2.4579873085021973, 2.4471633434295654, 2.457543134689331, 2.452495574951172, 2.4617700576782227, 2.443671703338623, 2.4462642669677734, 2.4502997398376465, 2.4489285945892334, 2.4513800144195557, 2.4573581218719482, 2.4515464305877686, 2.449359655380249]
intensities: [0.0, 0.0, 0.0, 0.0, 0.0, 0.0, 0.0, 0.0, 0.0, 0.0, 0.0, 0.0, 0.0, 0.0, 0.0, 0.0, 0.0, 0.0, 0.0, 0.0, 0.0, 0.0, 0.0, 0.0, 0.0, 0.0, 0.0, 0.0, 0.0, 0.0, 0.0, 0.0, 0.0, 0.0, 0.0, 0.0, 0.0, 0.0, 0.0, 0.0, 0.0, 0.0, 0.0, 0.0, 0.0, 0.0, 0.0, 0.0, 0.0, 0.0, 0.0, 0.0, 0.0, 0.0, 0.0, 0.0, 0.0, 0.0, 0.0, 0.0, 0.0, 0.0, 0.0, 0.0, 0.0, 0.0, 0.0, 0.0, 0.0, 0.0, 0.0, 0.0, 0.0, 0.0, 0.0, 0.0, 0.0, 0.0, 0.0, 0.0, 0.0, 0.0, 0.0, 0.0, 0.0, 0.0, 0.0, 0.0, 0.0, 0.0, 0.0, 0.0, 0.0, 0.0, 0.0, 0.0, 0.0, 0.0, 0.0, 0.0, 0.0, 0.0, 0.0, 0.0, 0.0, 0.0, 0.0, 0.0, 0.0, 0.0, 0.0, 0.0, 0.0, 0.0, 0.0, 0.0, 0.0, 0.0, 0.0, 0.0, 0.0, 0.0, 0.0, 0.0, 0.0, 0.0, 0.0, 0.0, 0.0, 0.0, 0.0, 0.0, 0.0, 0.0, 0.0, 0.0, 0.0, 0.0, 0.0, 0.0, 0.0, 0.0, 0.0, 0.0, 0.0, 0.0, 0.0, 0.0, 0.0, 0.0, 0.0, 0.0, 0.0, 0.0, 0.0, 0.0, 0.0, 0.0, 0.0, 0.0, 0.0, 0.0, 0.0, 0.0, 0.0, 0.0, 0.0, 0.0, 0.0, 0.0, 0.0, 0.0, 0.0, 0.0, 0.0, 0.0, 0.0, 0.0, 0.0, 0.0, 0.0, 0.0, 0.0, 0.0, 0.0, 0.0, 0.0, 0.0, 0.0, 0.0, 0.0, 0.0, 0.0, 0.0, 0.0, 0.0, 0.0, 0.0, 0.0, 0.0, 0.0, 0.0, 0.0, 0.0, 0.0, 0.0, 0.0, 0.0, 0.0, 0.0, 0.0, 0.0, 0.0, 0.0, 0.0, 0.0, 0.0, 0.0, 0.0, 0.0, 0.0, 0.0, 0.0, 0.0, 0.0, 0.0, 0.0, 0.0, 0.0, 0.0, 0.0, 0.0, 0.0, 0.0, 0.0, 0.0, 0.0, 0.0, 0.0, 0.0, 0.0, 0.0, 0.0, 0.0, 0.0, 0.0, 0.0, 0.0, 0.0, 0.0, 0.0, 0.0, 0.0, 0.0, 0.0, 0.0, 0.0, 0.0, 0.0, 0.0, 0.0, 0.0, 0.0, 0.0, 0.0, 0.0, 0.0, 0.0, 0.0, 0.0, 0.0, 0.0, 0.0, 0.0, 0.0, 0.0, 0.0, 0.0, 0.0, 0.0, 0.0, 0.0, 0.0, 0.0, 0.0, 0.0, 0.0, 0.0, 0.0, 0.0, 0.0, 0.0, 0.0, 0.0, 0.0, 0.0, 0.0, 0.0, 0.0, 0.0, 0.0, 0.0, 0.0, 0.0, 0.0, 0.0, 0.0, 0.0, 0.0, 0.0, 0.0, 0.0, 0.0, 0.0, 0.0, 0.0, 0.0, 0.0, 0.0, 0.0, 0.0, 0.0, 0.0, 0.0, 0.0, 0.0, 0.0, 0.0, 0.0, 0.0, 0.0, 0.0, 0.0, 0.0, 0.0, 0.0, 0.0, 0.0, 0.0, 0.0, 0.0, 0.0, 0.0, 0.0, 0.0, 0.0, 0.0, 0.0, 0.0, 0.0, 0.0, 0.0, 0.0, 0.0, 0.0, 0.0, 0.0, 0.0, 0.0, 0.0, 0.0, 0.0, 0.0, 0.0, 0.0, 0.0, 0.0, 0.0, 0.0, 0.0, 0.0, 0.0, 0.0, 0.0, 0.0, 0.0, 0.0, 0.0, 0.0, 0.0, 0.0, 0.0, 0.0, 0.0, 0.0, 0.0, 0.0, 0.0, 0.0, 0.0, 0.0, 0.0, 0.0, 0.0, 0.0, 0.0, 0.0, 0.0, 0.0, 0.0, 0.0, 0.0, 0.0, 0.0, 0.0, 0.0, 0.0, 0.0, 0.0, 0.0, 0.0, 0.0, 0.0, 0.0, 0.0, 0.0, 0.0, 0.0, 0.0, 0.0, 0.0, 0.0, 0.0, 0.0, 0.0, 0.0, 0.0, 0.0, 0.0, 0.0, 0.0, 0.0, 0.0, 0.0, 0.0, 0.0, 0.0, 0.0, 0.0, 0.0, 0.0, 0.0, 0.0, 0.0, 0.0, 0.0, 0.0, 0.0, 0.0, 0.0, 0.0, 0.0, 0.0, 0.0, 0.0, 0.0, 0.0, 0.0, 0.0, 0.0, 0.0, 0.0, 0.0, 0.0, 0.0, 0.0, 0.0, 0.0, 0.0, 0.0, 0.0, 0.0, 0.0, 0.0, 0.0, 0.0, 0.0, 0.0, 0.0, 0.0, 0.0, 0.0, 0.0, 0.0, 0.0, 0.0, 0.0, 0.0, 0.0, 0.0, 0.0, 0.0, 0.0, 0.0, 0.0, 0.0, 0.0, 0.0, 0.0, 0.0, 0.0, 0.0, 0.0, 0.0, 0.0, 0.0, 0.0, 0.0, 0.0, 0.0, 0.0, 0.0, 0.0, 0.0, 0.0, 0.0, 0.0, 0.0, 0.0, 0.0, 0.0, 0.0, 0.0, 0.0, 0.0, 0.0, 0.0, 0.0, 0.0, 0.0, 0.0, 0.0, 0.0, 0.0, 0.0, 0.0, 0.0, 0.0, 0.0, 0.0, 0.0, 0.0, 0.0, 0.0, 0.0, 0.0, 0.0, 0.0, 0.0, 0.0, 0.0, 0.0, 0.0, 0.0, 0.0, 0.0, 0.0, 0.0, 0.0, 0.0, 0.0, 0.0, 0.0, 0.0, 0.0, 0.0, 0.0, 0.0, 0.0, 0.0, 0.0, 0.0, 0.0, 0.0, 0.0, 0.0, 0.0, 0.0, 0.0, 0.0, 0.0, 0.0, 0.0, 0.0, 0.0, 0.0, 0.0, 0.0, 0.0, 0.0, 0.0, 0.0, 0.0, 0.0, 0.0, 0.0, 0.0, 0.0, 0.0, 0.0, 0.0, 0.0, 0.0, 0.0, 0.0, 0.0, 0.0, 0.0, 0.0, 0.0, 0.0, 0.0, 0.0, 0.0, 0.0, 0.0, 0.0, 0.0, 0.0, 0.0, 0.0, 0.0, 0.0, 0.0, 0.0, 0.0, 0.0, 0.0, 0.0, 0.0, 0.0, 0.0, 0.0, 0.0, 0.0, 0.0, 0.0, 0.0, 0.0, 0.0, 0.0, 0.0, 0.0, 0.0, 0.0, 0.0, 0.0, 0.0, 0.0, 0.0, 0.0, 0.0, 0.0, 0.0, 0.0, 0.0, 0.0, 0.0, 0.0, 0.0, 0.0, 0.0, 0.0, 0.0, 0.0, 0.0, 0.0, 0.0, 0.0, 0.0, 0.0, 0.0, 0.0, 0.0, 0.0, 0.0, 0.0, 0.0, 0.0, 0.0, 0.0, 0.0, 0.0, 0.0, 0.0, 0.0, 0.0, 0.0, 0.0, 0.0, 0.0, 0.0, 0.0, 0.0, 0.0, 0.0, 0.0, 0.0, 0.0, 0.0, 0.0, 0.0, 0.0, 0.0, 0.0, 0.0, 0.0, 0.0, 0.0, 0.0, 0.0, 0.0, 0.0, 0.0, 0.0, 0.0, 0.0, 0.0, 0.0, 0.0]
---
